#Timestamp,sum_cases,new_cases,sum_deceased,new_deceased
1583186400,214,214,0,0
1583272800,289,75,0,0
1583359200,437,148,2,2
1583445600,620,183,3,1
1583532000,796,176,5,2
1583618400,930,134,9,4
1583704800,1022,92,9,0
1583791200,1363,341,14,5
1583877600,1942,579,17,3
1583964000,2676,734,22,5
1584050400,3647,971,31,9
1584136800,5052,1405,43,12
1584223200,6336,1284,57,14
1584309600,7275,939,67,10
1584396000,9281,2006,92,25
1584482400,12293,3012,120,28
1584568800,15791,3498,159,39
1584655200,19753,3962,191,32
1584741600,23767,4014,271,80
1584828000,27016,3249,322,51
1584914400,29304,2288,370,48
1585000800,32943,3639,437,67
1585087200,37706,4763,512,75
1585173600,43278,5572,602,90
1585260000,49068,5790,714,112
1585346400,55091,6023,836,122
1585432800,59817,4726,932,96
1585519200,62892,3075,979,47
1585605600,67010,4118,1067,88
1585692000,72954,5944,1166,99
1585778400,79007,6053,1249,83
1585864800,85252,6245,1301,52
1585951200,90080,4828,1332,31
1586037600,91714,1634,1342,10
1586124000,95391,3677,1434,92
1586210400,99225,3834,1607,173
1586296800,103228,4003,1861,254
1586383200,108202,4974,2107,246
1586469600,113525,5323,2373,266
1586556000,117658,4133,2544,171
1586642400,120479,2821,2673,129
1586728800,123016,2537,2799,126
1586815200,125098,2082,2969,170
1586901600,127584,2486,3254,285
1586988000,130450,2866,3569,315
1587074400,133830,3380,3868,299
1587160800,137439,3609,4110,242
1587247200,139897,2458,4294,184
1587333600,141672,1775,4404,110
1587420000,143457,1785,4598,194
1587506400,145694,2237,4879,281
1587592800,148046,2352,5094,215
1587679200,150383,2337,5321,227
1587765600,152438,2055,5500,179
1587852000,154175,1737,5640,140
1587938400,155193,1018,5750,110
1588024800,156337,1144,5913,163
1588111200,157641,1304,6115,202
1588197600,159119,1478,6288,173
1588284000,160758,1639,6481,193
1588370400,161703,945,6575,94
1588456800,162496,793,6649,74
1588543200,163175,679,6692,43
1588629600,163860,685,6831,139
1588716000,164807,947,6996,165
1588802400,166091,1284,7119,123
1588888800,167300,1209,7266,147
1588975200,168551,1251,7369,103
1589061600,169218,667,7395,26
1589148000,169575,357,7417,22
1589234400,170508,933,7533,116
1589320800,171306,798,7634,101
1589407200,172239,933,7723,89
1589493600,173152,913,7824,101
1589580000,173772,620,7881,57
1589666400,174355,583,7914,33
1589752800,174697,342,7935,21
1589839200,175210,513,8007,72
1589925600,176007,797,8090,83
1590012000,176752,745,8147,57
1590098400,177212,460,8174,27
1590184800,177850,638,8216,42
1590271200,178281,431,8247,31
1590357600,178570,289,8257,10
1590444000,179002,432,8302,45
1590530400,179364,362,8349,47
1590616800,179717,353,8411,62
1590703200,180458,741,8450,39
1590789600,181196,738,8489,39
1590876000,181482,286,8500,11
1590962400,181815,333,8511,11
1591048800,182028,213,8522,11
1591135200,182370,342,8551,29
1591221600,182764,394,8581,30
1591308000,183271,507,8613,32
1591394400,183678,407,8646,33
1591480800,183979,301,8668,22
1591567200,184193,214,8674,6
1591653600,184543,350,8711,37
1591740000,184861,318,8729,18
1591826400,185416,555,8755,26
1591912800,185674,258,8763,8
1591999200,186022,348,8781,18
1592085600,186269,247,8787,6
1592172000,186461,192,8791,4
1592258400,186839,378,8800,9
1592344800,187184,345,8830,30
1592431200,187764,580,8856,26
1592517600,188534,770,8872,16
1592604000,189135,601,8883,11
1592690400,189822,687,8882,-1
1592776800,190359,537,8885,3
1592863200,190862,503,8895,10
1592949600,191449,587,8914,19
1593036000,192079,630,8927,13
1593122400,192556,477,8948,21
1593208800,193243,687,8954,6
1593295200,193499,256,8957,3
1593381600,193761,262,8961,4
1593468000,194259,498,8973,12
1593554400,194725,466,8985,12
1593640800,195228,503,8994,9
1593727200,195674,446,9003,9
1593813600,196096,422,9010,7
1593900000,196335,239,9012,2
1593986400,196554,219,9016,4
1594072800,196944,390,9024,8
1594159200,197341,397,9036,12
1594245600,197783,442,9048,12
1594332000,198178,395,9054,6
1594418400,198556,378,9060,6
1594504800,198804,248,9063,3
1594591200,198963,159,9064,1
1594677600,199375,412,9068,4
1594764000,199726,351,9071,3
1594850400,200260,534,9078,7
1594936800,200843,583,9082,4
1595023200,201372,529,9083,1
1595109600,201574,202,9084,1
1595196000,201823,249,9086,2
1595282400,202345,522,9090,4
1595368800,202799,454,9095,5
1595455200,203368,569,9101,6
1595541600,204183,815,9111,10
1595628000,204964,781,9118,7
1595714400,205269,305,9118,0
1595800800,205609,340,9118,0
1595887200,206242,633,9122,4
1595973600,206926,684,9128,6
1596060000,207828,902,9134,6
1596146400,208698,870,9141,7
1596232800,209653,955,9148,7
1596319200,209893,240,9141,-7
1596405600,210402,509,9148,7
1596492000,211281,879,9156,8
1596578400,212022,741,9168,12
1596664800,213067,1045,9175,7
1596751200,214214,1147,9183,8
1596837600,215336,1122,9195,12
1596924000,215891,555,9196,1
1597010400,216327,436,9197,1
1597096800,217293,966,9201,4
1597183200,218519,1226,9207,6
1597269600,219964,1445,9211,4
1597356000,221413,1449,9225,14
1597442400,222828,1415,9231,6
1597528800,223453,625,9231,0
1597615200,224014,561,9232,1
1597701600,225404,1390,9236,4
1597788000,226914,1510,9243,7
1597874400,228621,1707,9253,10
1597960800,230048,1427,9260,7
1598047200,232082,2034,9267,7
1598133600,232864,782,9269,2
1598220000,233575,711,9272,3
1598306400,234853,1278,9277,5
1598392800,236429,1576,9280,3
1598479200,237936,1507,9285,5
1598565600,239507,1571,9288,3
1598652000,240986,1479,9289,1
1598738400,241771,785,9295,6
1598824800,242381,610,9298,3
1598911200,243599,1218,9302,4
1598997600,244855,1256,9313,11
1599084000,246166,1311,9321,8
1599170400,247619,1453,9322,1
1599256800,248997,1378,9324,2
1599343200,249985,988,9325,1
1599429600,250799,814,9325,0
1599516000,252298,1499,9329,4
1599602400,253474,1176,9338,9
1599688800,255366,1892,9341,3
1599775200,256850,1484,9342,1
1599861600,258480,1630,9347,5
1599948000,259428,948,9349,2
1600034400,260355,927,9350,1
1600120800,261762,1407,9362,12
1600207200,263663,1901,9368,6
1600293600,265857,2194,9371,3
1600380000,267773,1916,9378,7
1600466400,270070,2297,9384,6
1600552800,271415,1345,9386,2
1600639200,272337,922,9386,0
1600725600,274158,1821,9396,10
1600812000,275927,1769,9409,13
1600898400,278070,2143,9428,19
1600984800,280223,2153,9443,15
1601071200,282730,2507,9452,9
1601157600,284140,1410,9457,5
1601244000,285332,1192,9460,3
1601330400,287421,2089,9471,11
1601416800,289219,1798,9488,17
1601503200,291722,2503,9500,12
1601589600,294395,2673,9508,8
1601676000,296958,2563,9527,19
1601762400,299237,2279,9529,2
1601848800,300619,1382,9534,5
1601935200,303258,2639,9546,12
1602021600,306086,2828,9562,16
1602108000,310144,4058,9578,16
1602194400,314660,4516,9589,11
1602280800,319381,4721,9604,15
1602367200,322864,3483,9615,11
1602453600,325331,2467,9621,6
1602540000,329453,4122,9634,13
1602626400,334585,5132,9677,43
1602712800,341223,6638,9710,33
1602799200,348557,7334,9734,24
1602885600,356387,7830,9767,33
1602972000,361974,5587,9777,10
1603058400,366299,4325,9789,12
1603144800,373167,6868,9836,47
1603231200,380762,7595,9875,39
1603317600,392049,11287,9905,30
1603404000,403291,11242,9954,49
1603490400,418005,14714,10003,49
1603576800,429181,11176,10032,29
1603666800,437866,8685,10056,24
1603753200,449275,11409,10098,42
1603839600,464239,14964,10183,85
1603926000,481013,16774,10272,89
1604012400,499694,18681,10349,77
1604098800,518753,19059,10452,103
1604185200,532930,14177,10481,29
1604271600,545027,12097,10530,49
1604358000,560379,15352,10661,131
1604444400,577593,17214,10812,151
1604530800,597583,19990,10930,118
1604617200,619089,21506,11096,166
1604703600,642488,23399,11226,130
1604790000,658505,16017,11289,63
1604876400,671868,13363,11352,63
1604962800,687200,15332,11506,154
1605049200,705687,18487,11767,261
1605135600,727553,21866,11982,215
1605222000,751095,23542,12200,218
1605308400,773556,22461,12378,178
1605394800,790503,16947,12485,107
1605481200,801327,10824,12547,62
1605567600,815746,14419,12814,267
1605654000,833307,17561,13119,305
1605740400,855916,22609,13370,251
1605826800,879564,23648,13630,260
1605913200,902528,22964,13884,254
1605999600,918269,15741,14022,138
1606086000,929133,10864,14112,90
1606172400,942687,13554,14361,249
1606258800,961320,18633,14771,410
1606345200,983588,22268,15160,389
1606431600,1006394,22806,15586,426
1606518000,1028089,21695,15965,379
1606604400,1042700,14611,16123,158
1606690800,1053869,11169,16248,125
1606777200,1067473,13604,16636,388
1606863600,1084743,17270,17123,487
1606950000,1106789,22046,17602,479
1607036400,1130238,23449,18034,432
1607122800,1153556,23318,18517,483
1607209200,1171323,17767,18772,255
1607295600,1183655,12332,18919,147
1607382000,1197709,14054,19342,423
1607468400,1218524,20815,19932,590
1607554800,1242203,23679,20372,440
1607641200,1272078,29875,20970,598
1607727600,1300516,28438,21466,496
1607814000,1320716,20200,21787,321
1607900400,1337078,16362,21975,188
1607986800,1351510,14432,22475,500
1608073200,1379238,27728,23427,952
1608159600,1406161,26923,24125,698
1608246000,1439938,33777,24938,813
1608332400,1471238,31300,25640,702
1608418800,1494009,22771,26049,409
1608505200,1510652,16643,26275,226
1608591600,1530180,19528,27006,731
1608678000,1554920,24740,27968,962
1608764400,1587115,32195,28770,802
1608850800,1612648,25533,29182,412
1608937200,1627103,14455,29422,240
1609023600,1640858,13755,29778,356
1609110000,1651834,10976,30126,348
1609196400,1664726,12892,30978,852
1609282800,1687185,22459,32107,1129
1609369200,1719737,32552,33071,964
1609455600,1742661,22924,33624,553
1609542000,1755351,12690,33960,336
1609628400,1765666,10315,34272,312
1609714800,1775513,9847,34574,302
1609801200,1787410,11897,35518,944
1609887600,1808647,21237,36537,1019
1609974000,1835038,26391,37607,1070
1610060400,1866887,31849,38795,1188
1610146800,1891581,24694,39878,1083
1610233200,1908527,16946,40343,465
1610319600,1921024,12497,40686,343
1610406000,1933826,12802,41577,891
1610492400,1953426,19600,42637,1060
1610578800,1978590,25164,43881,1244
1610665200,2000958,22368,44994,1113
1610751600,2019636,18678,45974,980
1610838000,2033518,13882,46419,445
