#timestamp, num_keys, num_users_submitted_keys, num_submitted_keys, sum_keys, sum_users_submitted_keys, sum_submitted_keys, num_invalid_profile_users, sum_invalid_profile_users
1592784000,0,0,0,0,0,0,0,0
1592870400,477,27,148,477,27,148,0,0
1592956800,720,11,62,1197,38,210,10,10
1593043200,1160,19,116,2357,57,326,0,10
1593129600,1450,20,142,3807,77,468,3,13
1593216000,1280,15,103,5087,92,571,25,38
1593302400,760,8,70,5847,100,641,6,44
1593388800,1270,15,127,7117,115,768,0,44
1593475200,2680,26,268,9797,141,1036,0,44
1593561600,1990,17,189,11787,158,1225,10,54
1593648000,1960,33,327,13747,191,1552,0,54
1593734400,945,16,189,14692,207,1741,0,54
1593820800,535,11,107,15227,218,1848,0,54
1593907200,180,3,36,15407,221,1884,0,54
1593993600,495,10,99,15902,231,1983,0,54
1594080000,715,14,143,16617,245,2126,0,54
1594166400,495,8,99,17112,253,2225,0,54
1594252800,620,15,124,17732,268,2349,0,54
1594339200,1540,27,308,19272,295,2657,0,54
1594425600,1010,19,202,20282,314,2859,0,54
1594512000,200,4,40,20482,318,2899,0,54
1594598400,440,8,88,20922,326,2987,0,54
1594684800,1150,21,230,22072,347,3217,0,54
1594771200,1220,22,243,23292,369,3460,1,55
1594857600,1235,23,247,24527,392,3707,0,55
1594944000,1255,23,251,25782,415,3958,0,55
1595030400,1035,20,207,26817,435,4165,0,55
1595116800,345,7,69,27162,442,4234,0,55
1595203200,560,9,112,27722,451,4346,0,55
1595289600,835,15,167,28557,466,4513,0,55
1595376000,720,13,144,29277,479,4657,0,55
1595462400,1375,25,275,30652,504,4932,0,55
1595548800,1140,22,228,31792,526,5160,0,55
1595635200,740,12,148,32532,538,5308,0,55
1595721600,825,13,165,33357,551,5473,0,55
1595808000,595,10,119,33952,561,5592,0,55
1595894400,1790,33,358,35742,594,5950,0,55
1595980800,2290,38,458,38032,632,6408,0,55
1596067200,2520,42,504,40552,674,6912,0,55
1596153600,1575,27,315,42127,701,7227,0,55
1596240000,1405,27,281,43532,728,7508,0,55
1596326400,1385,25,277,44917,753,7785,0,55
1596412800,1645,28,329,46562,781,8114,0,55
1596499200,2813,51,546,49375,832,8660,6,61
1596585600,2415,47,483,51790,879,9143,0,61
1596672000,3050,56,610,54840,935,9753,0,61
1596758400,2210,40,442,57050,975,10195,0,61
1596844800,1655,28,331,58705,1003,10526,0,61
1596931200,565,12,113,59270,1015,10639,0,61
1597017600,2380,43,476,61650,1058,11115,0,61
1597104000,2285,41,457,63935,1099,11572,0,61
1597190400,3800,68,760,67735,1167,12332,0,61
1597276800,3940,70,788,71675,1237,13120,0,61
1597363200,3020,54,604,74695,1291,13724,0,61
1597449600,2675,53,535,77370,1344,14259,0,61
1597536000,1790,33,358,79160,1377,14617,0,61
1597622400,2785,56,557,81945,1433,15174,0,61
1597708800,3749,75,749,85694,1508,15923,0,61
1597795200,3970,82,794,89664,1590,16717,0,61
1597881600,4740,91,948,94404,1681,17665,0,61
1597968000,3550,63,710,97954,1744,18375,0,61
1598054400,3393,66,639,101347,1810,19014,20,81
1598140800,2535,51,507,103882,1861,19521,0,81
1598227200,3165,66,621,107047,1927,20142,0,81
1598313600,4156,81,813,111203,2008,20955,0,81
1598400000,4410,88,882,115613,2096,21837,0,81
1598486400,5435,103,1075,121048,2199,22912,0,81
1598572800,5310,99,1062,126358,2298,23974,0,81
1598659200,3339,65,656,129697,2363,24630,0,81
1598745600,2245,42,449,131942,2405,25079,0,81
1598832000,3000,65,597,134942,2470,25676,3,84
1598918400,4835,90,967,139777,2560,26643,0,84
1599004800,6095,117,1219,145872,2677,27862,0,84
1599091200,6685,116,1337,152557,2793,29199,0,84
1599177600,6285,117,1257,158842,2910,30456,0,84
1599264000,4460,80,892,163302,2990,31348,0,84
1599350400,2158,42,421,165460,3032,31769,0,84
1599436800,4630,87,926,170090,3119,32695,0,84
1599523200,4932,89,957,175022,3208,33652,3,87
1599609600,6885,127,1377,181907,3335,35029,0,87
1599696000,7395,136,1478,189302,3471,36507,1,88
1599782400,7762,137,1541,197064,3608,38048,0,88
1599868800,5310,102,1062,202374,3710,39110,0,88
1599955200,4977,87,990,207351,3797,40100,0,88
1600041600,5655,106,1131,213006,3903,41231,0,88
1600128000,9548,182,1887,222554,4085,43118,12,100
1600214400,10235,191,2047,232789,4276,45165,0,100
1600300800,11165,203,2221,243954,4479,47386,12,112
1600387200,10369,195,2056,254323,4674,49442,6,118
1600473600,5290,98,1048,259613,4772,50490,10,128
1600560000,3250,61,650,262863,4833,51140,0,128
1600646400,8390,161,1653,271253,4994,52793,25,153
1600732800,9405,168,1843,280658,5162,54636,33,186
1600819200,13539,249,2692,294197,5411,57328,2,188
1600905600,12229,206,2291,306426,5617,59619,147,335
1600992000,12457,199,2315,318883,5816,61934,141,476
1601078400,9593,125,1296,328476,5941,63230,593,1069
1601164800,6071,63,693,334547,6004,63923,441,1510
1601251200,8430,79,926,342977,6083,64849,717,2227
1601337600,12700,118,1307,355677,6201,66156,1150,3377
1601424000,12850,137,1492,368527,6338,67648,956,4333
1601510400,14299,155,1686,382826,6493,69334,1065,5398
1601596800,16008,191,2136,398834,6684,71470,943,6341
1601683200,12380,135,1439,411214,6819,72909,924,7265
1601769600,8845,100,977,420059,6919,73886,682,7947
1601856000,11260,107,1097,431319,7026,74983,1077,9024
1601942400,16120,149,1640,447439,7175,76623,1466,10490
1602028800,21527,393,4092,468966,7568,80715,1,10491
1602115200,23618,466,4705,492584,8034,85420,7,10498
1602201600,26284,502,5216,518868,8536,90636,1,10499
1602288000,23657,466,4720,542525,9002,95356,1,10500
1602374400,14649,286,2928,557174,9288,98284,0,10500
1602460800,18134,353,3596,575308,9641,101880,0,10500
1602547200,28218,534,5617,603526,10175,107497,16,10516
1602633600,34105,665,6765,637631,10840,114262,27,10543
1602720000,41646,796,8275,679277,11636,122537,12,10555
1602806400,43934,883,8691,723211,12519,131228,0,10555
1602892800,16674,347,16674,739885,12866,147902,0,10555
1602979200,4814,490,4814,744699,13356,152716,0,10555
1603065600,6386,582,6386,751085,13938,159102,0,10555
1603152000,10876,1052,10876,761961,14990,169978,0,10555
1603238400,14309,1386,14309,776270,16376,184287,0,10555
1603324800,16122,1592,16122,792392,17968,200409,0,10555
1603411200,18645,1803,18645,811037,19771,219054,0,10555
1603497600,14422,1514,14422,825459,21285,233476,0,10555
1603584000,9554,1013,9554,835013,22298,243030,0,10555
1603674000,15491,1474,15491,850504,23772,258521,0,10555
1603760400,21434,2084,21434,871938,25856,279955,0,10555
1603846800,23570,2353,23570,895508,28209,303525,0,10555
1603933200,26139,2539,26139,921647,30748,329664,0,10555
1604019600,25083,2483,25083,946730,33231,354747,0,10555
1604106000,18668,1929,18668,965398,35160,373415,0,10555
1604192400,13699,1397,13699,979097,36557,387114,0,10555
1604278800,18408,1759,18408,997505,38316,405522,0,10555
1604365200,23617,2377,23617,1021122,40693,429139,0,10555
1604451600,27803,2802,27803,1048925,43495,456942,0,10555
1604538000,27892,2788,27892,1076817,46283,484834,0,10555
1604624400,27614,2782,27614,1104431,49065,512448,0,10555
1604710800,19923,2100,19923,1124354,51165,532371,0,10555
1604797200,13711,1438,13711,1138065,52603,546082,0,10555
1604883600,17015,1658,17015,1155080,54261,563097,0,10555
1604970000,24446,2391,24446,1179526,56652,587543,0,10555
1605056400,26271,2652,26271,1205797,59304,613814,0,10555
1605142800,26120,2580,26120,1231917,61884,639934,0,10555
1605229200,26060,2570,26060,1257977,64454,665994,0,10555
1605315600,18686,1901,18686,1276663,66355,684680,0,10555
1605402000,10498,1070,10498,1287161,67425,695178,0,10555
1605488400,16096,1555,16096,1303257,68980,711274,0,10555
1605574800,23184,2272,23184,1326441,71252,734458,0,10555
1605661200,26033,2611,26033,1352474,73863,760491,0,10555
1605747600,25060,2426,25060,1377534,76289,785551,0,10555
1605834000,23167,2328,23167,1400701,78617,808718,0,10555
1605920400,17504,1768,17504,1418205,80385,826222,0,10555
1606006800,9946,994,9946,1428151,81379,836168,0,10555
1606093200,14843,1484,14843,1442994,82863,851011,0,10555
1606179600,19955,1972,19955,1462949,84835,870966,0,10555
1606266000,22723,2221,22723,1485672,87056,893689,0,10555
1606352400,21826,2118,21826,1507498,89174,915515,0,10555
1606438800,20078,1982,20078,1527576,91156,935593,0,10555
1606525200,18498,1906,18498,1546074,93062,954091,0,10555
1606611600,9212,936,9212,1555286,93998,963303,0,10555
1606698000,12024,1158,12024,1567310,95156,975327,0,10555
1606784400,23270,2359,23270,1590580,97515,998597,0,10555
1606870800,26096,2630,26096,1616676,100145,1024693,0,10555
1606957200,24186,2346,24186,1640862,102491,1048879,0,10555
1607043600,24668,2457,24668,1665530,104948,1073547,0,10555
1607130000,19356,1971,19356,1684886,106919,1092903,0,10555
1607216400,10352,1034,10352,1695238,107953,1103255,0,10555
1607302800,14195,1308,14195,1709433,109261,1117450,0,10555
1607389200,31562,3063,31562,1740995,112324,1149012,0,10555
1607475600,34615,3398,34615,1775610,115722,1183627,0,10555
1607562000,32482,3189,32482,1808092,118911,1216109,0,10555
1607648400,34283,3388,34283,1842375,122299,1250392,0,10555
1607734800,26998,2780,26998,1869373,125079,1277390,0,10555
1607821200,13211,1343,13211,1882584,126422,1290601,0,10555
1607907600,16679,1555,16679,1899263,127977,1307280,0,10555
1607994000,30868,2992,30868,1930131,130969,1338148,0,10555
1608080400,36661,3609,36661,1966792,134578,1374809,0,10555
1608166800,54536,4208,54536,2021328,138786,1429345,0,10555
1608253200,46522,3589,46522,2067850,142375,1475867,0,10555
1608339600,41599,3211,41599,2109449,145586,1517466,0,10555
1608426000,27262,2106,27262,2136711,147692,1544728,0,10555
1608512400,30930,2387,30930,2167641,150079,1575658,0,10555
1608598800,51684,3986,51684,2219325,154065,1627342,0,10555
1608685200,57201,4410,57201,2276526,158475,1684543,0,10555
1608771600,41321,3190,41321,2317847,161665,1725864,0,10555
1608858000,20372,1578,20372,2338219,163243,1746236,0,10555
1608944400,18499,1433,18499,2356718,164676,1764735,0,10555
1609030800,16616,1286,16616,2373334,165962,1781351,0,10555
1609117200,25749,1989,25749,2399083,167951,1807100,0,10555
1609203600,45196,3485,45196,2444279,171436,1852296,0,10555
1609290000,47782,3686,47782,2492061,175122,1900078,0,10555
1609376400,33833,2610,33833,2525894,177732,1933911,0,10555
1609462800,17620,1365,17620,2543514,179097,1951531,0,10555
1609549200,19341,1499,19341,2562855,180596,1970872,0,10555
1609635600,18230,1412,18230,2581085,182008,1989102,0,10555
1609722000,25951,2006,25951,2607036,184014,2015053,0,10555
1609808400,45123,3481,45123,2652159,187495,2060176,0,10555
1609894800,41343,3192,41343,2693502,190687,2101519,0,10555
1609981200,34111,2636,34111,2727613,193323,2135630,0,10555
1610067600,35003,2703,35003,2762616,196026,2170633,0,10555
1610154000,28063,2171,28063,2790679,198197,2198696,0,10555
1610240400,13400,1041,13400,2804079,199238,2212096,0,10555
1610326800,15799,1223,15799,2819878,200461,2227895,0,10555
1610413200,30591,2364,30591,2850469,202825,2258486,0,10555
1610499600,28900,2233,28900,2879369,205058,2287386,0,10555
1610586000,26218,2025,26218,2905587,207083,2313604,0,10555
1610672400,25547,1975,25547,2931134,209058,2339151,0,10555
1610758800,21316,1650,21316,2952450,210708,2360467,0,10555
1610845200,10306,800,10306,2962756,211508,2370773,0,10555
1610931600,16168,1252,16168,2978924,212760,2386941,0,10555
1611018000,28783,2224,28783,3007707,214984,2415724,0,10555
1611104400,26496,2051,26496,3034203,217035,2442220,0,10555
1611190800,25009,1932,25009,3059212,218967,2467229,0,10555
1611277200,22985,1777,22985,3082197,220744,2490214,0,10555
1611363600,19927,1540,19927,3102124,222284,2510141,0,10555
1611450000,10948,850,10948,3113072,223134,2521089,0,10555
1611536400,12649,980,12649,3125721,224114,2533738,0,10555
1611622800,23818,1833,23818,3149539,225947,2557556,0,10555
1611709200,22880,1772,22880,3172419,227719,2580436,0,10555
1611795600,19723,1528,19723,3192142,229247,2600159,0,10555
1611882000,20199,1562,20199,3212341,230809,2620358,0,10555
1611968400,17414,1347,17414,3229755,232156,2637772,0,10555
1612054800,8399,654,8399,3238154,232810,2646171,0,10555
1612141200,10987,853,10987,3249141,233663,2657158,0,10555
1612227600,20257,1568,20257,3269398,235231,2677415,0,10555
1612314000,19189,1484,19189,3288587,236715,2696604,0,10555
1612400400,18276,1414,18276,3306863,238129,2714880,0,10555
1612573200,14288,1107,14288,3321151,239236,2729168,0,10555
1612659600,6546,512,6546,3327697,239748,2735714,0,10555
