#timestamp, num_keys, num_users_submitted_keys, num_submitted_keys, sum_keys, sum_users_submitted_keys, sum_submitted_keys, num_invalid_profile_users, sum_invalid_profile_users
1592784000,0,0,0,0,0,0,0,0
1609030800,0,0,0,0,0,0,0,0
1609117200,26434,2043,26434,26434,2043,26434,0,0
1609203600,46050,3552,46050,72484,5595,72484,0,0
1609290000,48742,3761,48742,121226,9356,121226,0,0
1609376400,34609,2669,34609,155835,12025,155835,0,0
1609462800,17977,1392,17977,173812,13417,173812,0,0
1609549200,20046,1553,20046,193858,14970,193858,0,0
1609635600,19005,1471,19005,212863,16441,212863,0,0
1609722000,26879,2077,26879,239742,18518,239742,0,0
1609808400,46110,3557,46110,285852,22075,285852,0,0
1609894800,41808,3226,41808,327660,25301,327660,0,0
1609981200,35074,2712,35074,362734,28013,362734,0,0
1610067600,36044,2784,36044,398778,30797,398778,0,0
1610154000,28717,2221,28717,427495,33018,427495,0,0
1610240400,13850,1075,13850,441345,34093,441345,0,0
1610326800,17266,1338,17266,458611,35431,458611,0,0
1610413200,33045,2553,33045,491656,37984,491656,0,0
1610499600,31812,2457,31812,523468,40441,523468,0,0
1610586000,29369,2269,29369,552837,42710,552837,0,0
1610672400,28123,2172,28123,580960,44882,580960,0,0
1610758800,23420,1810,23420,604380,46692,604380,0,0
1610845200,12250,953,12250,616630,47645,616630,0,0
1610931600,18728,1450,18728,635358,49095,635358,0,0
1611018000,31053,2400,31053,666411,51495,666411,0,0
1611104400,29194,2258,29194,695605,53753,695605,0,0
1611190800,27520,2126,27520,723125,55879,723125,0,0
1611277200,25503,1972,25503,748628,57851,748628,0,0
1611363600,22104,1709,22104,770732,59560,770732,0,0
1611450000,12886,1000,12886,783618,60560,783618,0,0
1611536400,14656,1137,14656,798274,61697,798274,0,0
1611622800,26126,2010,26126,824400,63707,824400,0,0
1611709200,25096,1942,25096,849496,65649,849496,0,0
1611795600,22251,1724,22251,871747,67373,871747,0,0
1611882000,22309,1725,22309,894056,69098,894056,0,0
1611968400,19188,1485,19188,913244,70583,913244,0,0
1612054800,10117,787,10117,923361,71370,923361,0,0
1612141200,12966,1005,12966,936327,72375,936327,0,0
1612227600,21909,1695,21909,958236,74070,958236,0,0
1612314000,21452,1659,21452,979688,75729,979688,0,0
1612400400,20392,1578,20392,1000080,77307,1000080,0,0
1612573200,15990,1237,15990,1016070,78544,1016070,0,0
1612659600,8270,644,8270,1024340,79188,1024340,0,0
1612746000,8787,684,8787,1033127,79872,1033127,0,0
1612832400,16430,1273,16430,1049557,81145,1049557,0,0
1612918800,17116,1329,17116,1066673,82474,1066673,0,0
1613005200,17927,1389,17927,1084600,83863,1084600,0,0
1613091600,17546,1361,17546,1102146,85224,1102146,0,0
1613178000,14358,1116,14358,1116504,86340,1116504,0,0
1613264400,7050,553,7050,1123554,86893,1123554,0,0
1613350800,10803,838,10803,1134357,87731,1134357,0,0
1613437200,19409,1503,19409,1153766,89234,1153766,0,0
1613523600,18225,1413,18225,1171991,90647,1171991,0,0
1613610000,18009,1396,18009,1190000,92043,1190000,0,0
1613696400,19978,1547,19978,1209978,93590,1209978,0,0
1613782800,15571,1205,15571,1225549,94795,1225549,0,0
1613869200,9108,709,9108,1234657,95504,1234657,0,0
1613955600,13028,1011,13028,1247685,96515,1247685,0,0
1614042000,20637,1599,20637,1268322,98114,1268322,0,0
1614128400,20851,1614,20851,1289173,99728,1289173,0,0
1614214800,20369,1578,20369,1309542,101306,1309542,0,0
1614301200,20148,1563,20148,1329690,102869,1329690,0,0
1614387600,15385,1192,15385,1345075,104061,1345075,0,0
1614474000,9959,774,9959,1355034,104835,1355034,0,0
1614560400,12800,996,12800,1367834,105831,1367834,0,0
1614646800,20893,1619,20893,1388727,107450,1388727,0,0
1614733200,21961,1703,21961,1410688,109153,1410688,0,0
1614819600,18346,1422,18346,1429034,110575,1429034,0,0
1614906000,20561,1593,20561,1449595,112168,1449595,0,0
1614992400,16824,1306,16824,1466419,113474,1466419,0,0
1615078800,9945,774,9945,1476364,114248,1476364,0,0
1615165200,13690,1065,13690,1490054,115313,1490054,0,0
1615251600,24020,1860,24020,1514074,117173,1514074,0,0
1615338000,24890,1924,24890,1538964,119097,1538964,0,0
1615424400,24395,1889,24395,1563359,120986,1563359,0,0
1615510800,28674,2214,28674,1592033,123200,1592033,0,0
1615597200,21418,1657,21418,1613451,124857,1613451,0,0
1615683600,12152,943,12152,1625603,125800,1625603,0,0
1615770000,18186,1410,18186,1643789,127210,1643789,0,0
1615856400,32294,2495,32294,1676083,129705,1676083,0,0
1615942800,33019,2551,33019,1709102,132256,1709102,0,0
1616029200,30335,2346,30335,1739437,134602,1739437,0,0
1616115600,33729,2602,33729,1773166,137204,1773166,0,0
1616202000,27849,2155,27849,1801015,139359,1801015,0,0
1616288400,15605,1209,15605,1816620,140568,1816620,0,0
1616374800,22764,1761,22764,1839384,142329,1839384,0,0
1616461200,41321,3188,41321,1880705,145517,1880705,0,0
1616547600,43509,3359,43509,1924214,148876,1924214,0,0
1616634000,41055,3170,41055,1965269,152046,1965269,0,0
1616720400,43335,3345,43335,2008604,155391,2008604,0,0
1616806800,35802,2766,35802,2044406,158157,2044406,0,0
1616893200,20704,1603,20704,2065110,159760,2065110,0,0
1616976000,28491,2200,28491,2093601,161960,2093601,0,0
1617062400,46055,6218,46055,2139656,168178,2139656,0,0
1617148800,48269,6437,48269,2187925,174615,2187925,0,0
1617235200,44205,6052,44205,2232130,180667,2232130,0,0
1617321600,37279,5130,37279,2269409,185797,2269409,0,0
1617408000,24364,3508,24364,2293773,189305,2293773,0,0
1617494400,19317,2884,19317,2313090,192189,2313090,0,0
1617580800,18415,2813,18415,2331505,195002,2331505,0,0
1617667200,30637,4079,30637,2362142,199081,2362142,0,0
1617753600,49592,6628,49592,2411734,205709,2411734,0,0
1617840000,47685,6515,47685,2459419,212224,2459419,0,0
1617926400,49408,6955,49408,2508827,219179,2508827,0,0
1618012800,35211,5259,35211,2544038,224438,2544038,0,0
1618099200,19915,3002,19915,2563953,227440,2563953,0,0
1618185600,26821,3805,26821,2590774,231245,2590774,0,0
1618272000,49409,6968,49409,2640183,238213,2640183,0,0
1618358400,45995,6675,45995,2686178,244888,2686178,0,0
1618444800,40097,6007,40097,2726275,250895,2726275,0,0
1618531200,39770,5853,39770,2766045,256748,2766045,0,0
1618617600,34027,5151,34027,2800072,261899,2800072,0,0
1618704000,18617,2841,18617,2818689,264740,2818689,0,0
1618790400,29538,4311,29538,2848227,269051,2848227,0,0
1618876800,49279,7259,49279,2897506,276310,2897506,0,0
1618963200,50019,7425,50019,2947525,283735,2947525,0,0
1619049600,40926,6230,40926,2988451,289965,2988451,0,0
1619136000,42364,6354,42364,3030815,296319,3030815,0,0
1619222400,31088,4919,31088,3061903,301238,3061903,0,0
1619308800,17627,2870,17627,3079530,304108,3079530,0,0
1619395200,22452,3324,22452,3101982,307432,3101982,0,0
1619481600,40242,5895,40242,3142224,313327,3142224,0,0
1619568000,34366,5564,34366,3176590,318891,3176590,0,0
1619654400,25394,3890,25394,3201984,322781,3201984,0,0
1619740800,26274,3984,26274,3228258,326765,3228258,0,0
1619827200,21858,3371,21858,3250116,330136,3250116,0,0
1619913600,7624,1228,7624,3257740,331364,3257740,0,0
1620000000,22065,2921,22065,3279805,334285,3279805,0,0
1620086400,38144,5340,38144,3317949,339625,3317949,0,0
1620172800,57836,7612,57836,3375785,347237,3375785,0,0
1620259200,28228,4106,28228,3404013,351343,3404013,0,0
1620345600,28565,4118,28565,3432578,355461,3432578,0,0
1620432000,22657,3525,22657,3455235,358986,3455235,0,0
1620518400,13238,2002,13238,3468473,360988,3468473,0,0
1620604800,18758,2579,18758,3487231,363567,3487231,0,0
1620691200,30413,4346,30413,3517644,367913,3517644,0,0
1620777600,24647,3652,24647,3542291,371565,3542291,0,0
1620864000,19164,2829,19164,3561455,374394,3561455,0,0
1620950400,18288,2488,18288,3579743,376882,3579743,0,0
1621036800,17027,2429,17027,3596770,379311,3596770,0,0
1621123200,10493,1475,10493,3607263,380786,3607263,0,0
1621209600,13316,1726,13316,3620579,382512,3620579,0,0
1621296000,22065,3080,22065,3642644,385592,3642644,0,0
1621382400,19513,2943,19513,3662157,388535,3662157,0,0
1621468800,16563,2472,16563,3678720,391007,3678720,0,0
1621555200,16258,2555,16258,3694978,393562,3694978,0,0
1621641600,11518,1905,11518,3706496,395467,3706496,0,0
1621728000,7860,1239,7860,3714356,396706,3714356,0,0
1621814400,7171,1040,7171,3721527,397746,3721527,0,0
1621900800,11203,1623,11203,3732730,399369,3732730,0,0
1621987200,15340,2117,15340,3748070,401486,3748070,0,0
1622073600,12824,1896,12824,3760894,403382,3760894,0,0
1622160000,12039,1792,12039,3772933,405174,3772933,0,0
1622246400,9352,1428,9352,3782285,406602,3782285,0,0
1622332800,6649,1064,6649,3788934,407666,3788934,0,0
1622419200,4451,781,4451,3793385,408447,3793385,0,0
1622505600,5916,910,5916,3799301,409357,3799301,0,0
1622592000,5158,746,5158,3804459,410103,3804459,0,0
1622678400,3236,512,3236,3807695,410615,3807695,0,0
1622764800,7656,975,7656,3815351,411590,3815351,0,0
1622851200,6015,946,6015,3821366,412536,3821366,0,0
1622937600,4925,714,4925,3826291,413250,3826291,0,0
1623024000,5151,740,5151,3831442,413990,3831442,0,0
1623110400,6796,977,6796,3838238,414967,3838238,0,0
1623196800,6457,900,6457,3844695,415867,3844695,0,0
1623283200,5187,795,5187,3849882,416662,3849882,0,0
1623369600,4892,772,4892,3854774,417434,3854774,0,0
1623456000,4424,653,4424,3859198,418087,3859198,0,0
1623542400,2997,493,2997,3862195,418580,3862195,0,0
1623628800,3328,535,3328,3865523,419115,3865523,0,0
1623715200,4298,622,4298,3869821,419737,3869821,0,0
1623801600,3791,609,3791,3873612,420346,3873612,0,0
1623888000,2995,521,2995,3876607,420867,3876607,0,0
1623974400,3315,514,3315,3879922,421381,3879922,0,0
1624060800,2529,425,2529,3882451,421806,3882451,0,0
1624147200,2388,355,2388,3884839,422161,3884839,0,0
1624233600,3045,429,3045,3887884,422590,3887884,0,0
1624320000,2900,461,2900,3890784,423051,3890784,0,0
1624406400,3240,462,3240,3894024,423513,3894024,0,0
1624492800,3585,475,3585,3897609,423988,3897609,0,0
1624579200,3271,437,3271,3900880,424425,3900880,0,0
1624665600,3221,439,3221,3904101,424864,3904101,0,0
1624752000,2464,370,2464,3906565,425234,3906565,0,0
1624838400,3175,423,3175,3909740,425657,3909740,0,0
1624924800,3752,505,3752,3913492,426162,3913492,0,0
1625011200,4514,581,4514,3918006,426743,3918006,0,0
1625097600,4518,611,4518,3922524,427354,3922524,0,0
1625184000,4114,625,4114,3926638,427979,3926638,0,0
1625270400,3754,601,3754,3930392,428580,3930392,0,0
1625356800,3311,586,3311,3933703,429166,3933703,0,0
1625443200,4422,751,4422,3938125,429917,3938125,0,0
1625529600,6515,1118,6515,3944640,431035,3944640,0,0
1625616000,7245,1336,7245,3951885,432371,3951885,0,0
1625702400,8100,1621,8100,3959985,433992,3959985,0,0
1625788800,9483,1943,9483,3969468,435935,3969468,0,0
1625875200,8613,1982,8613,3978081,437917,3978081,0,0
1626048000,11141,2601,11141,3989222,440518,3989222,0,0
1626134400,12913,2775,12913,4002135,443293,4002135,0,0
